3 
------------------------------------------------------------ 
CSHORE applied to FRF cross-shore array for runup 
------------------------------------------------------------ 
1                                         ->ILINE
0                                         ->IPROFL
0                                         ->IPERM
1                                         ->IOVER
0                                         ->IWTRAN
0                                         ->IPOND
0                                         ->IWCINT
0                                         ->IROLL 
0                                         ->IWIND 
0                                         ->ITIDE 
0                                         ->IVEG  
     1.0000                                ->DXC
     0.6000                                ->GAMMA 
     0.0100                               ->RWH 
1                                         ->ILAB
1                                         ->NWAVE 
1                                         ->NSURGE 
       0.00     5.3939     0.3945     0.0000    -0.0703    -7.2595
566                                  ->NBINP 
     0.0000    -6.5791     0.0150
     1.0000    -6.5691     0.0150
     2.0000    -6.5592     0.0150
     3.0000    -6.5492     0.0150
     4.0000    -6.5392     0.0150
     5.0000    -6.5292     0.0150
     6.0000    -6.5184     0.0150
     7.0000    -6.5070     0.0150
     8.0000    -6.4956     0.0150
     9.0000    -6.4842     0.0150
    10.0000    -6.4727     0.0150
    11.0000    -6.4613     0.0150
    12.0000    -6.4499     0.0150
    13.0000    -6.4385     0.0150
    14.0000    -6.4270     0.0150
    15.0000    -6.4156     0.0150
    16.0000    -6.4034     0.0150
    17.0000    -6.3906     0.0150
    18.0000    -6.3779     0.0150
    19.0000    -6.3651     0.0150
    20.0000    -6.3523     0.0150
    21.0000    -6.3396     0.0150
    22.0000    -6.3268     0.0150
    23.0000    -6.3140     0.0150
    24.0000    -6.3013     0.0150
    25.0000    -6.2885     0.0150
    26.0000    -6.2758     0.0150
    27.0000    -6.2632     0.0150
    28.0000    -6.2505     0.0150
    29.0000    -6.2379     0.0150
    30.0000    -6.2253     0.0150
    31.0000    -6.2126     0.0150
    32.0000    -6.2000     0.0150
    33.0000    -6.1873     0.0150
    34.0000    -6.1747     0.0150
    35.0000    -6.1621     0.0150
    36.0000    -6.1517     0.0150
    37.0000    -6.1432     0.0150
    38.0000    -6.1347     0.0150
    39.0000    -6.1261     0.0150
    40.0000    -6.1176     0.0150
    41.0000    -6.1091     0.0150
    42.0000    -6.1005     0.0150
    43.0000    -6.0920     0.0150
    44.0000    -6.0834     0.0150
    45.0000    -6.0749     0.0150
    46.0000    -6.0641     0.0150
    47.0000    -6.0517     0.0150
    48.0000    -6.0392     0.0150
    49.0000    -6.0267     0.0150
    50.0000    -6.0143     0.0150
    51.0000    -6.0018     0.0150
    52.0000    -5.9893     0.0150
    53.0000    -5.9769     0.0150
    54.0000    -5.9644     0.0150
    55.0000    -5.9519     0.0150
    56.0000    -5.9393     0.0150
    57.0000    -5.9265     0.0150
    58.0000    -5.9137     0.0150
    59.0000    -5.9009     0.0150
    60.0000    -5.8881     0.0150
    61.0000    -5.8753     0.0150
    62.0000    -5.8625     0.0150
    63.0000    -5.8497     0.0150
    64.0000    -5.8369     0.0150
    65.0000    -5.8241     0.0150
    66.0000    -5.8114     0.0150
    67.0000    -5.7989     0.0150
    68.0000    -5.7864     0.0150
    69.0000    -5.7738     0.0150
    70.0000    -5.7613     0.0150
    71.0000    -5.7488     0.0150
    72.0000    -5.7362     0.0150
    73.0000    -5.7237     0.0150
    74.0000    -5.7112     0.0150
    75.0000    -5.6986     0.0150
    76.0000    -5.6864     0.0150
    77.0000    -5.6744     0.0150
    78.0000    -5.6624     0.0150
    79.0000    -5.6503     0.0150
    80.0000    -5.6383     0.0150
    81.0000    -5.6263     0.0150
    82.0000    -5.6143     0.0150
    83.0000    -5.6023     0.0150
    84.0000    -5.5903     0.0150
    85.0000    -5.5782     0.0150
    86.0000    -5.5665     0.0150
    87.0000    -5.5549     0.0150
    88.0000    -5.5433     0.0150
    89.0000    -5.5318     0.0150
    90.0000    -5.5202     0.0150
    91.0000    -5.5086     0.0150
    92.0000    -5.4970     0.0150
    93.0000    -5.4854     0.0150
    94.0000    -5.4739     0.0150
    95.0000    -5.4623     0.0150
    96.0000    -5.4508     0.0150
    97.0000    -5.4394     0.0150
    98.0000    -5.4280     0.0150
    99.0000    -5.4166     0.0150
   100.0000    -5.4052     0.0150
   101.0000    -5.3938     0.0150
   102.0000    -5.3824     0.0150
   103.0000    -5.3710     0.0150
   104.0000    -5.3597     0.0150
   105.0000    -5.3483     0.0150
   106.0000    -5.3375     0.0150
   107.0000    -5.3273     0.0150
   108.0000    -5.3171     0.0150
   109.0000    -5.3068     0.0150
   110.0000    -5.2966     0.0150
   111.0000    -5.2864     0.0150
   112.0000    -5.2761     0.0150
   113.0000    -5.2659     0.0150
   114.0000    -5.2556     0.0150
   115.0000    -5.2454     0.0150
   116.0000    -5.2359     0.0150
   117.0000    -5.2270     0.0150
   118.0000    -5.2180     0.0150
   119.0000    -5.2091     0.0150
   120.0000    -5.2001     0.0150
   121.0000    -5.1912     0.0150
   122.0000    -5.1822     0.0150
   123.0000    -5.1733     0.0150
   124.0000    -5.1643     0.0150
   125.0000    -5.1553     0.0150
   126.0000    -5.1469     0.0150
   127.0000    -5.1389     0.0150
   128.0000    -5.1308     0.0150
   129.0000    -5.1228     0.0150
   130.0000    -5.1148     0.0150
   131.0000    -5.1067     0.0150
   132.0000    -5.0987     0.0150
   133.0000    -5.0907     0.0150
   134.0000    -5.0826     0.0150
   135.0000    -5.0746     0.0150
   136.0000    -5.0667     0.0150
   137.0000    -5.0589     0.0150
   138.0000    -5.0511     0.0150
   139.0000    -5.0433     0.0150
   140.0000    -5.0356     0.0150
   141.0000    -5.0278     0.0150
   142.0000    -5.0200     0.0150
   143.0000    -5.0122     0.0150
   144.0000    -5.0044     0.0150
   145.0000    -4.9966     0.0150
   146.0000    -4.9891     0.0150
   147.0000    -4.9817     0.0150
   148.0000    -4.9744     0.0150
   149.0000    -4.9670     0.0150
   150.0000    -4.9596     0.0150
   151.0000    -4.9523     0.0150
   152.0000    -4.9449     0.0150
   153.0000    -4.9375     0.0150
   154.0000    -4.9302     0.0150
   155.0000    -4.9228     0.0150
   156.0000    -4.9142     0.0150
   157.0000    -4.9047     0.0150
   158.0000    -4.8953     0.0150
   159.0000    -4.8858     0.0150
   160.0000    -4.8763     0.0150
   161.0000    -4.8668     0.0150
   162.0000    -4.8573     0.0150
   163.0000    -4.8478     0.0150
   164.0000    -4.8383     0.0150
   165.0000    -4.8288     0.0150
   166.0000    -4.8195     0.0150
   167.0000    -4.8104     0.0150
   168.0000    -4.8014     0.0150
   169.0000    -4.7923     0.0150
   170.0000    -4.7833     0.0150
   171.0000    -4.7742     0.0150
   172.0000    -4.7651     0.0150
   173.0000    -4.7561     0.0150
   174.0000    -4.7470     0.0150
   175.0000    -4.7379     0.0150
   176.0000    -4.7308     0.0150
   177.0000    -4.7252     0.0150
   178.0000    -4.7196     0.0150
   179.0000    -4.7140     0.0150
   180.0000    -4.7083     0.0150
   181.0000    -4.7027     0.0150
   182.0000    -4.6971     0.0150
   183.0000    -4.6914     0.0150
   184.0000    -4.6858     0.0150
   185.0000    -4.6802     0.0150
   186.0000    -4.6759     0.0150
   187.0000    -4.6726     0.0150
   188.0000    -4.6693     0.0150
   189.0000    -4.6659     0.0150
   190.0000    -4.6626     0.0150
   191.0000    -4.6593     0.0150
   192.0000    -4.6560     0.0150
   193.0000    -4.6527     0.0150
   194.0000    -4.6494     0.0150
   195.0000    -4.6461     0.0150
   196.0000    -4.6428     0.0150
   197.0000    -4.6395     0.0150
   198.0000    -4.6363     0.0150
   199.0000    -4.6330     0.0150
   200.0000    -4.6297     0.0150
   201.0000    -4.6265     0.0150
   202.0000    -4.6232     0.0150
   203.0000    -4.6200     0.0150
   204.0000    -4.6167     0.0150
   205.0000    -4.6134     0.0150
   206.0000    -4.6110     0.0150
   207.0000    -4.6091     0.0150
   208.0000    -4.6073     0.0150
   209.0000    -4.6055     0.0150
   210.0000    -4.6036     0.0150
   211.0000    -4.6018     0.0150
   212.0000    -4.6000     0.0150
   213.0000    -4.5981     0.0150
   214.0000    -4.5963     0.0150
   215.0000    -4.5944     0.0150
   216.0000    -4.5946     0.0150
   217.0000    -4.5962     0.0150
   218.0000    -4.5979     0.0150
   219.0000    -4.5995     0.0150
   220.0000    -4.6012     0.0150
   221.0000    -4.6028     0.0150
   222.0000    -4.6045     0.0150
   223.0000    -4.6061     0.0150
   224.0000    -4.6078     0.0150
   225.0000    -4.6094     0.0150
   226.0000    -4.6120     0.0150
   227.0000    -4.6152     0.0150
   228.0000    -4.6184     0.0150
   229.0000    -4.6217     0.0150
   230.0000    -4.6249     0.0150
   231.0000    -4.6282     0.0150
   232.0000    -4.6314     0.0150
   233.0000    -4.6346     0.0150
   234.0000    -4.6379     0.0150
   235.0000    -4.6411     0.0150
   236.0000    -4.6441     0.0150
   237.0000    -4.6470     0.0150
   238.0000    -4.6498     0.0150
   239.0000    -4.6527     0.0150
   240.0000    -4.6555     0.0150
   241.0000    -4.6584     0.0150
   242.0000    -4.6612     0.0150
   243.0000    -4.6641     0.0150
   244.0000    -4.6669     0.0150
   245.0000    -4.6698     0.0150
   246.0000    -4.6731     0.0150
   247.0000    -4.6768     0.0150
   248.0000    -4.6804     0.0150
   249.0000    -4.6841     0.0150
   250.0000    -4.6878     0.0150
   251.0000    -4.6915     0.0150
   252.0000    -4.6951     0.0150
   253.0000    -4.6988     0.0150
   254.0000    -4.7025     0.0150
   255.0000    -4.7062     0.0150
   256.0000    -4.7099     0.0150
   257.0000    -4.7137     0.0150
   258.0000    -4.7175     0.0150
   259.0000    -4.7213     0.0150
   260.0000    -4.7251     0.0150
   261.0000    -4.7289     0.0150
   262.0000    -4.7328     0.0150
   263.0000    -4.7366     0.0150
   264.0000    -4.7404     0.0150
   265.0000    -4.7442     0.0150
   266.0000    -4.7476     0.0150
   267.0000    -4.7507     0.0150
   268.0000    -4.7538     0.0150
   269.0000    -4.7568     0.0150
   270.0000    -4.7599     0.0150
   271.0000    -4.7630     0.0150
   272.0000    -4.7661     0.0150
   273.0000    -4.7692     0.0150
   274.0000    -4.7723     0.0150
   275.0000    -4.7754     0.0150
   276.0000    -4.7775     0.0150
   277.0000    -4.7789     0.0150
   278.0000    -4.7803     0.0150
   279.0000    -4.7817     0.0150
   280.0000    -4.7831     0.0150
   281.0000    -4.7845     0.0150
   282.0000    -4.7859     0.0150
   283.0000    -4.7873     0.0150
   284.0000    -4.7887     0.0150
   285.0000    -4.7900     0.0150
   286.0000    -4.7899     0.0150
   287.0000    -4.7885     0.0150
   288.0000    -4.7871     0.0150
   289.0000    -4.7857     0.0150
   290.0000    -4.7843     0.0150
   291.0000    -4.7829     0.0150
   292.0000    -4.7815     0.0150
   293.0000    -4.7802     0.0150
   294.0000    -4.7788     0.0150
   295.0000    -4.7774     0.0150
   296.0000    -4.7738     0.0150
   297.0000    -4.7685     0.0150
   298.0000    -4.7633     0.0150
   299.0000    -4.7581     0.0150
   300.0000    -4.7528     0.0150
   301.0000    -4.7476     0.0150
   302.0000    -4.7423     0.0150
   303.0000    -4.7371     0.0150
   304.0000    -4.7318     0.0150
   305.0000    -4.7266     0.0150
   306.0000    -4.7186     0.0150
   307.0000    -4.7086     0.0150
   308.0000    -4.6985     0.0150
   309.0000    -4.6885     0.0150
   310.0000    -4.6785     0.0150
   311.0000    -4.6684     0.0150
   312.0000    -4.6584     0.0150
   313.0000    -4.6484     0.0150
   314.0000    -4.6384     0.0150
   315.0000    -4.6283     0.0150
   316.0000    -4.6153     0.0150
   317.0000    -4.5999     0.0150
   318.0000    -4.5845     0.0150
   319.0000    -4.5691     0.0150
   320.0000    -4.5538     0.0150
   321.0000    -4.5384     0.0150
   322.0000    -4.5230     0.0150
   323.0000    -4.5077     0.0150
   324.0000    -4.4923     0.0150
   325.0000    -4.4769     0.0150
   326.0000    -4.4585     0.0150
   327.0000    -4.4378     0.0150
   328.0000    -4.4171     0.0150
   329.0000    -4.3965     0.0150
   330.0000    -4.3758     0.0150
   331.0000    -4.3551     0.0150
   332.0000    -4.3344     0.0150
   333.0000    -4.3137     0.0150
   334.0000    -4.2930     0.0150
   335.0000    -4.2723     0.0150
   336.0000    -4.2490     0.0150
   337.0000    -4.2238     0.0150
   338.0000    -4.1985     0.0150
   339.0000    -4.1733     0.0150
   340.0000    -4.1480     0.0150
   341.0000    -4.1228     0.0150
   342.0000    -4.0975     0.0150
   343.0000    -4.0722     0.0150
   344.0000    -4.0470     0.0150
   345.0000    -4.0217     0.0150
   346.0000    -3.9947     0.0150
   347.0000    -3.9664     0.0150
   348.0000    -3.9381     0.0150
   349.0000    -3.9098     0.0150
   350.0000    -3.8815     0.0150
   351.0000    -3.8532     0.0150
   352.0000    -3.8249     0.0150
   353.0000    -3.7966     0.0150
   354.0000    -3.7683     0.0150
   355.0000    -3.7400     0.0150
   356.0000    -3.7112     0.0150
   357.0000    -3.6820     0.0150
   358.0000    -3.6528     0.0150
   359.0000    -3.6235     0.0150
   360.0000    -3.5943     0.0150
   361.0000    -3.5651     0.0150
   362.0000    -3.5359     0.0150
   363.0000    -3.5067     0.0150
   364.0000    -3.4775     0.0150
   365.0000    -3.4482     0.0150
   366.0000    -3.4199     0.0150
   367.0000    -3.3922     0.0150
   368.0000    -3.3645     0.0150
   369.0000    -3.3368     0.0150
   370.0000    -3.3091     0.0150
   371.0000    -3.2814     0.0150
   372.0000    -3.2537     0.0150
   373.0000    -3.2260     0.0150
   374.0000    -3.1983     0.0150
   375.0000    -3.1706     0.0150
   376.0000    -3.1450     0.0150
   377.0000    -3.1211     0.0150
   378.0000    -3.0972     0.0150
   379.0000    -3.0732     0.0150
   380.0000    -3.0493     0.0150
   381.0000    -3.0254     0.0150
   382.0000    -3.0015     0.0150
   383.0000    -2.9775     0.0150
   384.0000    -2.9536     0.0150
   385.0000    -2.9297     0.0150
   386.0000    -2.9088     0.0150
   387.0000    -2.8903     0.0150
   388.0000    -2.8717     0.0150
   389.0000    -2.8532     0.0150
   390.0000    -2.8346     0.0150
   391.0000    -2.8161     0.0150
   392.0000    -2.7975     0.0150
   393.0000    -2.7790     0.0150
   394.0000    -2.7605     0.0150
   395.0000    -2.7419     0.0150
   396.0000    -2.7267     0.0150
   397.0000    -2.7141     0.0150
   398.0000    -2.7015     0.0150
   399.0000    -2.6889     0.0150
   400.0000    -2.6763     0.0150
   401.0000    -2.6636     0.0150
   402.0000    -2.6510     0.0150
   403.0000    -2.6384     0.0150
   404.0000    -2.6258     0.0150
   405.0000    -2.6132     0.0150
   406.0000    -2.6035     0.0150
   407.0000    -2.5962     0.0150
   408.0000    -2.5888     0.0150
   409.0000    -2.5814     0.0150
   410.0000    -2.5740     0.0150
   411.0000    -2.5667     0.0150
   412.0000    -2.5593     0.0150
   413.0000    -2.5519     0.0150
   414.0000    -2.5445     0.0150
   415.0000    -2.5372     0.0150
   416.0000    -2.5317     0.0150
   417.0000    -2.5277     0.0150
   418.0000    -2.5237     0.0150
   419.0000    -2.5197     0.0150
   420.0000    -2.5157     0.0150
   421.0000    -2.5117     0.0150
   422.0000    -2.5077     0.0150
   423.0000    -2.5037     0.0150
   424.0000    -2.4998     0.0150
   425.0000    -2.4958     0.0150
   426.0000    -2.4922     0.0150
   427.0000    -2.4888     0.0150
   428.0000    -2.4855     0.0150
   429.0000    -2.4822     0.0150
   430.0000    -2.4789     0.0150
   431.0000    -2.4755     0.0150
   432.0000    -2.4722     0.0150
   433.0000    -2.4689     0.0150
   434.0000    -2.4656     0.0150
   435.0000    -2.4623     0.0150
   436.0000    -2.4576     0.0150
   437.0000    -2.4518     0.0150
   438.0000    -2.4461     0.0150
   439.0000    -2.4403     0.0150
   440.0000    -2.4346     0.0150
   441.0000    -2.4288     0.0150
   442.0000    -2.4231     0.0150
   443.0000    -2.4173     0.0150
   444.0000    -2.4116     0.0150
   445.0000    -2.4058     0.0150
   446.0000    -2.3970     0.0150
   447.0000    -2.3858     0.0150
   448.0000    -2.3746     0.0150
   449.0000    -2.3634     0.0150
   450.0000    -2.3523     0.0150
   451.0000    -2.3411     0.0150
   452.0000    -2.3299     0.0150
   453.0000    -2.3187     0.0150
   454.0000    -2.3075     0.0150
   455.0000    -2.2964     0.0150
   456.0000    -2.2807     0.0150
   457.0000    -2.2615     0.0150
   458.0000    -2.2424     0.0150
   459.0000    -2.2233     0.0150
   460.0000    -2.2042     0.0150
   461.0000    -2.1850     0.0150
   462.0000    -2.1659     0.0150
   463.0000    -2.1468     0.0150
   464.0000    -2.1277     0.0150
   465.0000    -2.1086     0.0150
   466.0000    -2.0839     0.0150
   467.0000    -2.0550     0.0150
   468.0000    -2.0262     0.0150
   469.0000    -1.9973     0.0150
   470.0000    -1.9685     0.0150
   471.0000    -1.9396     0.0150
   472.0000    -1.9108     0.0150
   473.0000    -1.8819     0.0150
   474.0000    -1.8531     0.0150
   475.0000    -1.8242     0.0150
   476.0000    -1.7893     0.0150
   477.0000    -1.7497     0.0150
   478.0000    -1.7100     0.0150
   479.0000    -1.6704     0.0150
   480.0000    -1.6308     0.0150
   481.0000    -1.5912     0.0150
   482.0000    -1.5516     0.0150
   483.0000    -1.5120     0.0150
   484.0000    -1.4724     0.0150
   485.0000    -1.4328     0.0150
   486.0000    -1.3869     0.0150
   487.0000    -1.3362     0.0150
   488.0000    -1.2854     0.0150
   489.0000    -1.2347     0.0150
   490.0000    -1.1840     0.0150
   491.0000    -1.1333     0.0150
   492.0000    -1.0826     0.0150
   493.0000    -1.0318     0.0150
   494.0000    -0.9811     0.0150
   495.0000    -0.9304     0.0150
   496.0000    -0.8734     0.0150
   497.0000    -0.8117     0.0150
   498.0000    -0.7499     0.0150
   499.0000    -0.6882     0.0150
   500.0000    -0.6265     0.0150
   501.0000    -0.5647     0.0150
   502.0000    -0.5030     0.0150
   503.0000    -0.4412     0.0150
   504.0000    -0.3795     0.0150
   505.0000    -0.3178     0.0150
   506.0000    -0.2468     0.0150
   507.0000    -0.1880     0.0150
   508.0000    -0.1548     0.0150
   509.0000    -0.1179     0.0150
   510.0000    -0.0833     0.0150
   511.0000    -0.0472     0.0150
   512.0000     0.0151     0.0150
   513.0000     0.1084     0.0150
   514.0000     0.2036     0.0150
   515.0000     0.3049     0.0150
   516.0000     0.4139     0.0150
   517.0000     0.5303     0.0150
   518.0000     0.6498     0.0150
   519.0000     0.7764     0.0150
   520.0000     0.8880     0.0150
   521.0000     0.9824     0.0150
   522.0000     1.0972     0.0150
   523.0000     1.2156     0.0150
   524.0000     1.3354     0.0150
   525.0000     1.4599     0.0150
   526.0000     1.5595     0.0150
   527.0000     1.6032     0.0150
   528.0000     1.6398     0.0150
   529.0000     1.6872     0.0150
   530.0000     1.7443     0.0150
   531.0000     1.8111     0.0150
   532.0000     1.9200     0.0150
   533.0000     1.9939     0.0150
   534.0000     2.0310     0.0150
   535.0000     2.1592     0.0150
   536.0000     2.5241     0.0150
   537.0000     2.7143     0.0150
   538.0000     2.7843     0.0150
   539.0000     2.8080     0.0150
   540.0000     2.8385     0.0150
   541.0000     2.8828     0.0150
   542.0000     2.9287     0.0150
   543.0000     3.0085     0.0150
   544.0000     3.0793     0.0150
   545.0000     3.1373     0.0150
   546.0000     3.2944     0.0150
   547.0000     3.4440     0.0150
   548.0000     3.5653     0.0150
   549.0000     3.7351     0.0150
   550.0000     3.9296     0.0150
   551.0000     4.2305     0.0150
   552.0000     4.5678     0.0150
   553.0000     4.8600     0.0150
   554.0000     5.4565     0.0150
   555.0000     5.9980     0.0150
   556.0000     6.4189     0.0150
   557.0000     6.4211     0.0150
   558.0000     6.3434     0.0150
   559.0000     6.0928     0.0150
   560.0000     5.8815     0.0150
   561.0000     5.7551     0.0150
   562.0000     5.6287     0.0150
   563.0000     5.5023     0.0150
   564.0000     5.3759     0.0150
   565.0000     5.2496     0.0150
